1.493105296929862188e+14 -3.307445813308038750e+14 2.861705478254297500e+14 -1.747736373376292812e+14 1.044500046182544062e+14 -3.654469636360614844e+13 1.842017704335317871e+12 1.324751689970351562e+13 -3.671356100585108594e+13 4.311467981304290625e+13 -1.676819899142295312e+13 -2.377501665267888672e+13 2.404193824234626562e+13 3.220577615025620703e+13 -1.088851815532599414e+13 -5.978633773613044531e+13 4.933825152831532812e+13 -2.855916712748094727e+12 -3.074549591423164062e+13 6.198262924470767188e+13 -6.835669662033175000e+13 3.040257446245803906e+13 -3.509339099508272461e+12 1.722222749968614453e+13 -2.094835474521592188e+13 -7.355020785306459961e+12 1.209400340072569336e+13 2.239066261575788672e+13 -5.121847125372638281e+13 3.804475668257971875e+13 -1.817278453243850781e+13 -2.570764279836183984e+13 8.771065201243967188e+13 -1.115896367311301719e+14 6.660265505014778125e+13 4.510074302736128125e+13 -7.459971546576725000e+13 3.791285092722139844e+13 -1.352487181621872711e+11 -4.123809847770519531e+13 7.541393346790015625e+13 -6.890900330912393750e+13 3.215199300636216016e+13 -1.179803976805449805e+13 1.229297146499882812e+13 -1.328308171392594727e+13 1.870090399580902734e+13 -3.083761685962795312e+13 2.088947073672695703e+13 -1.113482953561993555e+13 1.697393499328015625e+13 -3.812295778484142969e+13 5.177395806178096875e+13 -6.308898380254916406e+13 7.286847074829826562e+13 -8.722346927180948438e+13 1.038600191240470469e+14 -1.230125661018562969e+14 1.207890339203585469e+14 -8.948493288025109375e+13 5.613475117590113281e+13 -2.539563634390466406e+13 -3.187181413179601074e+12 3.800379821076920312e+13 -5.117270954860639844e+13 2.515900171135669141e+13 1.025156377531199829e+12 -4.506908971985720703e+12 1.092987619320491797e+13 -1.067739291725198828e+13 9.583597525580751953e+12 1.421714343913971680e+12 -7.770580690227000977e+12 5.656297851014054688e+12 2.152928044813681152e+12 -1.495631831340716406e+13 3.014426819939080469e+13 -3.545128334232985938e+13 2.963437066623836328e+13 -7.238584460962550781e+12 -9.888257135651427734e+12 4.886485650643629883e+12 -6.957144556980519531e+12 1.566821519547729297e+13 -1.875218549938534766e+13 1.112245609983545117e+13 8.329441482701282227e+12 -8.364409122816346680e+12
-3.307445813308038750e+14 9.037238188156257500e+14 -9.742566005706231250e+14 6.185481999546712500e+14 -2.999907334511278750e+14 9.165119518241678125e+13 -8.691486504967488281e+12 -3.880501175714471094e+13 1.327908379032272500e+14 -1.348377306307009375e+14 1.055092628744196094e+13 1.046125068583866562e+14 -6.919069796252971875e+13 -9.198590119388001562e+13 7.408038540342745312e+13 7.683266772977151562e+13 -1.064006756251147188e+14 2.847927811949162109e+13 8.508506290744853125e+13 -2.349998614009015938e+14 2.612319147097658750e+14 -1.002985278341707500e+14 -2.620677497540609375e+13 1.988028606165775391e+13 2.299117876299979004e+12 3.063519855063934766e+13 -2.283443190655223047e+13 -6.131117663589596094e+13 1.057031730479756406e+14 -4.996622308094332812e+13 2.156562214082165039e+12 9.456706122409614062e+13 -2.214582796855536562e+14 2.696446073817836562e+14 -1.875132723288069062e+14 -6.710827607172471094e+13 2.297504199737912812e+14 -2.269305640148804375e+14 1.143810428015719531e+14 3.035308075656991016e+13 -1.199764794675750625e+14 1.210822023234515625e+14 -6.930878141416600781e+13 2.659303251188428906e+13 -2.315560921670425000e+13 1.844708524503325000e+13 -2.787417187741285547e+13 7.256514756280946875e+13 -6.717358879084957031e+13 4.253273250441775781e+13 -4.883338462330686719e+13 9.046146350088995312e+13 -1.245706828302623594e+14 1.615648766180735000e+14 -2.088958578744966250e+14 2.286383366635901875e+14 -2.168857266552764688e+14 2.318777430055209688e+14 -2.235268947912446250e+14 1.619531980002246875e+14 -1.063451531759314219e+14 6.111524697301666406e+13 -1.771803945783307373e+12 -5.195847045829061719e+13 7.045346069571123438e+13 -3.242521289571367578e+13 4.269270587109765137e+12 -5.181058222993108398e+12 -1.184679661093403125e+13 1.266233369418509766e+13 -7.175009281073984375e+12 -1.128185045175056250e+13 1.032080512395779883e+13 -4.310706500376797363e+12 -9.630838957698243408e+11 1.087464010019575000e+13 -3.441897573057107812e+13 6.344039526102189062e+13 -7.845470123256023438e+13 4.596427524658165625e+13 -8.213008719037534180e+12 9.603912619423638672e+12 -1.979299702648060938e+13 -1.475742515750355225e+12 3.644540442923832812e+13 -1.558750400671169336e+13 -3.864351217587895312e+13 2.674335491672042969e+13
2.861705478254297500e+14 -9.742566005706231250e+14 1.436040487727110500e+15 -1.255314509860828000e+15 6.891328986374445000e+14 -2.133844815599796875e+14 3.667628474713929688e+13 6.437572007059471875e+13 -2.009490167181471875e+14 1.801360687354405625e+14 1.627573393065977148e+13 -1.520024872986536250e+14 6.277210480907790625e+13 1.564862344619479375e+14 -1.952932838434951875e+14 3.419999072864355469e+13 1.081304449551163906e+14 -7.962898139846673438e+13 -2.669712160894425391e+13 2.155148142673715938e+14 -3.451678219601903750e+14 1.685495238592004688e+14 3.545109862675971875e+13 -7.107665120382035938e+13 5.978741276770085156e+13 -3.785282411208492188e+13 -2.161495228330591309e+12 5.804824153007632812e+13 -7.900041287703693750e+13 2.016673452250017578e+13 1.214230135126767188e+13 -9.137593128727712500e+13 2.179863263335748750e+14 -2.964324820952596250e+14 2.251210368397400938e+14 5.117100773247942188e+13 -2.843438755062464375e+14 3.066827110939085000e+14 -1.654832455324221875e+14 -3.194236041879638281e+13 1.299396945723213281e+14 -1.053691714168748750e+14 8.344542902073079688e+13 -4.387170619823955469e+13 2.388855632626666406e+13 -2.656042019762529688e+13 4.778929389245345312e+13 -1.011014371840186094e+14 1.120858662308517969e+14 -1.096316123082319688e+14 1.143991548623096094e+14 -1.125759057342394531e+14 1.205744490897912344e+14 -1.393839282124245156e+14 1.842780483095992500e+14 -1.742606337936378750e+14 1.411726806623082188e+14 -1.922594715876861562e+14 2.120148913039490625e+14 -1.488231142841228438e+14 8.486729908769407812e+13 -4.254685792713975000e+13 -5.438000552189491211e+12 3.242985278488439062e+13 -5.539556082806062500e+13 3.649483520174306250e+13 -7.759966344792203125e+12 1.739539341759314844e+13 -3.693708877519457520e+12 9.359000979513169922e+12 -2.517049034355022266e+13 4.762373438445316406e+13 -3.028294474576653516e+13 -6.346878483924586914e+12 2.532957582925049609e+13 -1.916649936358428516e+13 1.351863917351108203e+13 -4.500170720438011719e+13 6.995378907540696094e+13 -4.770922661649636719e+13 2.622992844298216406e+13 -1.889195726252081641e+13 2.730029762999710156e+13 -1.328190817067132031e+13 -1.874094373736211719e+13 -2.671804390370489844e+13 9.386283194030760938e+13 -5.013976647640461719e+13
-1.747736373376292812e+14 6.185481999546712500e+14 -1.255314509860828000e+15 1.742098474367768500e+15 -1.458188825833888750e+15 7.145384966784242500e+14 -2.524810712321858750e+14 -1.905081253423123828e+13 1.920684652733501562e+14 -1.660081379951788125e+14 1.367972918076655273e+13 9.030878792443112500e+13 -4.949241921153964844e+13 -9.122910727268153125e+13 1.027282330544017969e+14 7.380479503772410938e+13 -2.048784671261986562e+14 1.188899545230834062e+14 -9.595422236488137500e+13 6.356223622845797656e+13 1.770629796199535938e+14 -1.749476797045643125e+14 -3.456863671776039551e+12 2.943016377055989062e+13 -4.007127781391769531e+13 3.817088251298392969e+13 7.990704520944880859e+12 -4.907083979816314062e+13 8.075492165434015625e+13 -4.957643610757042188e+13 1.500523013790488867e+13 3.759420169700005469e+13 -1.596477782278351875e+14 2.735806723033828125e+14 -1.536836837531933125e+14 -1.106005722630360000e+14 1.842606332003023125e+14 -8.459054342678610938e+13 3.648146814335157812e+13 7.115928683005506250e+13 -1.471898075909237812e+14 5.320428715093416406e+13 -1.475642951506777539e+13 1.675024341241690820e+13 -1.642727560855193555e+13 3.353307441912342188e+13 -7.681165561746568750e+13 1.230844460291035312e+14 -1.531608245833693750e+14 2.101481120334790312e+14 -2.024074942159640000e+14 9.930352564849987500e+13 -3.835776129843718750e+13 1.068186324096258008e+13 -7.241637129107215820e+12 -3.108909336548896875e+13 3.280807348359861816e+12 1.515089401037184688e+14 -2.145191298184475938e+14 1.556410242898193750e+14 -7.009016759002152344e+13 -4.671463424547203125e+12 6.310219840476128125e+13 -1.316670701213910781e+14 1.722950319526721250e+14 -1.038743722385587969e+14 -7.659460864001264648e+11 -5.004342687964436523e+12 -9.223876886689720459e+11 -1.593675281531215820e+13 4.287325668466695312e+13 -8.241842338964276562e+13 7.615736390842128125e+13 9.377827297999672852e+11 -6.683906808165648438e+13 7.779307377124376562e+13 -6.208899894364302344e+13 6.841356601850402344e+13 -5.235849947817820312e+13 4.680214417006465820e+12 1.899279268040870312e+13 -3.670662849084671875e+13 5.452638390722247656e+13 -2.654026396563476562e+13 -1.267928169885013477e+13 6.816523095340155469e+13 -1.254062214122851406e+14 6.784403450415222656e+13
1.044500046182544062e+14 -2.999907334511278750e+14 6.891328986374445000e+14 -1.458188825833888750e+15 2.008214861918374750e+15 -1.707382985062698000e+15 9.770242411836031250e+14 -3.474389397280358750e+14 4.731468636156490625e+13 -4.848179574995067383e+12 -5.431781550915478906e+13 9.808617331498275000e+13 -3.589666693546166406e+13 -4.189279929854567969e+13 1.241895446937291875e+14 -1.858628127650444688e+14 1.648692769347487812e+14 -1.332597062775970508e+13 2.113789954930365625e+13 -1.983951177683895625e+14 7.227331564207456250e+13 6.891673165781989062e+13 -1.431625511033026562e+13 3.829866042110828906e+13 -7.709675808687260938e+13 -7.823127788916049805e+12 8.481159245476937500e+13 -1.258419699386647266e+13 -1.197213558542859844e+14 1.498974779634439062e+14 -8.517103524958223438e+13 3.542785098960931250e+13 8.634386892299615234e+12 -4.805760349895439844e+13 -8.134344790293331250e+13 2.081560785212615625e+14 -7.353184894834923438e+13 -1.009941526048277031e+14 2.356081164146911328e+13 -4.663105047303077344e+13 1.641704034448781250e+14 -9.378143216674114062e+13 1.669032202355096875e+13 -1.688102336114144043e+12 9.827375703774310547e+12 2.693413433601690430e+12 7.201691261329138672e+12 -6.882112746234889844e+13 1.328388710633375469e+14 -1.984433785668350000e+14 1.665727695673235312e+14 -3.493146786336329297e+13 -2.505544877144530859e+13 1.809089481412777344e+13 -1.921290892610911328e+13 8.311708345977120312e+13 -4.838040532782764062e+13 -8.391570732395926562e+13 1.253167376914696094e+14 -6.306285101332922656e+13 -3.716129127945520508e+12 2.850219459087998047e+13 -8.787498489118353125e+13 2.001594048579294062e+14 -2.366170693831706250e+14 1.279791059953920938e+14 -8.605271858796652832e+11 6.324802665082501953e+12 -4.357053936398508789e+12 3.646892331428629688e+13 -6.226637330938439844e+13 7.726008841078584375e+13 -7.570440501146448438e+13 2.283071374309509375e+13 2.744854606796923047e+13 -5.071848496562769531e+13 8.032916631943295312e+13 -9.587708026763640625e+13 8.320620520613560938e+13 -4.573131063342160938e+13 -6.639042596284620117e+12 3.993481689030053125e+13 -5.310806799588553125e+13 -1.456688547376283984e+13 8.077777000040443750e+13 -8.349085307323912500e+13 9.763003244532889062e+13 -5.812746230371639062e+13
-3.654469636360614844e+13 9.165119518241678125e+13 -2.133844815599796875e+14 7.145384966784242500e+14 -1.707382985062698000e+15 2.372277033527366000e+15 -2.018755178422891000e+15 1.120364231368019000e+15 -5.438346867882123750e+14 3.241916206895305000e+14 4.724123995853818359e+12 -2.500686033489555625e+14 1.815109971618735938e+14 6.836911884813465625e+13 -1.853961831233399375e+14 3.041190770539335449e+12 1.268781401434349531e+14 -1.429536607519116875e+14 6.625687765869095312e+13 1.575849119841286562e+14 -1.208122151466863594e+14 -1.205584096887705078e+13 -2.415520094362454102e+12 -1.545564614185944922e+13 9.509585283753214062e+13 -1.571378678812319141e+13 -1.638095516746010312e+14 1.267039904338816094e+14 9.145531865580271875e+13 -2.516582353321822500e+14 2.412706485575496562e+14 -2.229021425366804375e+14 2.576399024568179688e+14 -2.592924767915028125e+14 2.344103240193001875e+14 -1.430536846857969062e+14 -5.072366607903050000e+13 2.128867092447939062e+14 -1.291975444393266719e+14 1.504019743826868750e+14 -3.044945366569336250e+14 2.937106179390858125e+14 -2.176338423399123438e+14 1.038248353094828594e+14 -1.869907720513637109e+13 -2.049584215258757031e+13 6.177889862052698438e+13 1.102085225849120117e+12 -7.310284491491889062e+13 9.259443824253875000e+13 -3.846865521413276562e+13 -3.140616755087557031e+13 3.263266357683115625e+13 1.694330352085329688e+13 -5.021779778051675000e+13 1.324280866264125000e+12 1.867940938492613037e+12 1.539123620947021484e+13 -1.018125092661889453e+13 -7.069671369596154688e+13 9.750838402042032812e+13 -3.518855067170459375e+13 7.352632438735698438e+13 -1.337150467088478750e+14 1.148242523248865938e+14 -6.115585767550352344e+13 1.302525268288140625e+13 -2.463652388007073438e+13 2.428527831637049219e+13 -6.335521025725261719e+13 7.138284480484067188e+13 -3.526622426486087500e+13 1.642752191617375391e+13 -1.866936560564558203e+13 5.332338767271871875e+13 -7.123290484954268750e+13 2.750017367984644531e+13 3.041214179983657031e+13 -1.004470812335665156e+14 1.322666148986712031e+14 -6.851045446428271875e+13 1.007528522152652148e+13 -9.862720843897435547e+12 8.943988705255348438e+13 -1.427958828171584688e+14 1.057053318487020781e+14 -6.644678652723214844e+13 3.236050297093710938e+13
1.842017704335317871e+12 -8.691486504967488281e+12 3.667628474713929688e+13 -2.524810712321858750e+14 9.770242411836031250e+14 -2.018755178422891000e+15 2.678069614705799000e+15 -2.280782221859415500e+15 1.349179285058014000e+15 -7.185930104698605000e+14 1.844481899892697812e+14 1.698146605736275312e+14 -1.368451143932095312e+14 -1.408823164032430312e+14 2.615045504389789688e+14 3.626527856622271973e+12 -2.080186402793288438e+14 1.791720217696588750e+14 -1.010949451211173906e+14 4.986427583275192969e+13 -1.346567289876730000e+14 1.013947221340842656e+14 2.137887241594603516e+13 -4.608692174831581250e+13 2.706659675382619531e+13 -7.751578156066115625e+13 1.716912719758135000e+14 -1.774069034986150312e+14 1.687752753142167969e+13 2.486177107005602500e+14 -3.740971280131168125e+14 3.756406780425620000e+14 -3.447938492957066250e+14 2.281993482825849375e+14 -9.276757856157676562e+13 3.519149570045507031e+13 7.406490778411165625e+13 -2.211639826248391562e+14 1.410466538090065000e+14 -8.738617757915296875e+13 2.097123991720434688e+14 -3.067044257493296250e+14 3.110100683979341875e+14 -1.593624749298664375e+14 4.802450918827139648e+12 5.303772801665419531e+13 -1.192255692674718281e+14 1.095908630201983594e+14 -5.932732644113897656e+13 2.042754729117606250e+13 -4.399715407323673438e+13 2.420734695401461719e+13 3.400028713876132031e+13 -6.090595215378396875e+13 1.149931063631630312e+14 -1.303744849709153594e+14 5.576583584302417969e+13 4.063745805200001562e+13 -4.013393516177794531e+13 8.863956068701035938e+13 -9.866394732908343750e+13 1.462776657679707617e+13 -5.630529742267558594e+13 9.207564814601464062e+13 -4.459668156528473438e+13 2.156139721080210547e+13 -1.312276602205583203e+13 2.424213203476430469e+13 -2.063787702723735547e+13 4.936188763499343750e+13 -3.260409717817625391e+13 -3.579714424574843750e+13 7.133058495195785938e+13 -3.577910795353378125e+13 -5.219675348379777344e+13 1.110565893752297969e+14 -1.183107059154864062e+14 6.621572820806208594e+13 6.183202103333808594e+13 -1.084814047582990469e+14 2.276118177127832422e+13 3.365267021137447656e+13 2.105744859273405518e+12 -8.472580203292876562e+13 1.125785521272842031e+14 -8.031953922255468750e+13 3.522586322040490625e+13 -8.919161313077648438e+12
1.324751689970351562e+13 -3.880501175714471094e+13 6.437572007059471875e+13 -1.905081253423123828e+13 -3.474389397280358750e+14 1.120364231368019000e+15 -2.280782221859415500e+15 3.026989962105898500e+15 -2.579911182674876000e+15 1.526234790442794000e+15 -5.483110612559640625e+14 2.050933155939398828e+13 2.702565539372192969e+13 1.357977560962594688e+14 -2.192329453991766250e+14 2.111705130768537891e+13 1.769121430332277500e+14 -1.203865246708600781e+14 7.050225347787670312e+13 -1.460867451101682812e+14 2.289690083188074062e+14 -1.207033457076135781e+14 -2.572602823659007422e+13 1.026743259916339062e+14 -1.898335004660550000e+14 2.217640626924953125e+14 -1.959936902845280000e+14 1.702530455640691562e+14 -9.827771057129478125e+13 -8.122235574263823438e+13 2.384792728230587812e+14 -3.207759851615246250e+14 3.520694894536081250e+14 -1.836957841817275625e+14 1.423617537022917188e+13 -2.600762828077328516e+13 -1.134006160988159688e+14 2.393952892099859062e+14 -4.015728005634539844e+13 -1.945997593954295938e+14 1.154651879548680156e+14 1.389905555559726719e+14 -2.035946979207379062e+14 8.662946553755750000e+13 7.581982791392233398e+12 -5.365057765691251562e+13 1.269879986485886875e+14 -1.740092013079932188e+14 1.617138194677832500e+14 -1.200303714483824688e+14 1.060739562475023750e+14 -1.268951393831592188e+13 -1.046399934086926250e+14 1.284185391056557344e+14 -1.751975872632347812e+14 2.372500274153783750e+14 -1.239492193650396094e+14 -3.209665612961229297e+13 1.419000592874018945e+13 -3.069700298462557031e+13 5.900809957813975000e+13 9.496863536978351562e+12 4.317829669172060156e+13 -1.097498116488992188e+14 7.505053456108048438e+13 -2.527967291158054297e+13 6.264342602467248047e+12 -2.109010931251594531e+13 2.093287288915887500e+13 -2.078753215452116016e+13 -2.682235431481864062e+13 1.126936845520436562e+14 -1.383064906091729375e+14 6.362834274269439844e+13 2.117594044766522266e+13 -6.917091790233245312e+13 1.183621832392120312e+14 -1.257666531427852344e+14 3.961674332269853906e+13 -3.251421569704544141e+13 1.078717737634521250e+14 -1.001268072922108594e+14 2.037136136156780078e+13 3.365824323094358594e+13 -2.268056463542265625e+13 -4.508799062229604492e+12 3.417041927566850781e+13 -2.588551490374449609e+13
-3.671356100585108594e+13 1.327908379032272500e+14 -2.009490167181471875e+14 1.920684652733501562e+14 4.731468636156490625e+13 -5.438346867882123750e+14 1.349179285058014000e+15 -2.579911182674876000e+15 3.453437128605241500e+15 -2.919262568816858000e+15 1.482856077417098250e+15 -4.766016938370393750e+14 1.470158562413507188e+14 -1.234502784451137031e+14 1.058048547939754375e+14 9.310993192822632812e+13 -2.016547413433378750e+14 6.132299586178650781e+13 2.624742169860148438e+13 -4.974941564046304688e+13 2.763511120699970703e+12 2.699908547934999609e+13 2.664543505952668359e+13 -1.146964751647208750e+14 2.202852016404049688e+14 -2.331640407733153125e+14 1.942480779460687500e+14 -1.308371181539261562e+14 2.164635431671319531e+13 1.325345685217465039e+13 -5.911407823422387500e+13 2.752405665081097500e+14 -5.265707574281980625e+14 4.365646492148716875e+14 -1.671900009995505625e+14 -1.061931777709074023e+13 3.221923240065891875e+14 -4.228456944065295625e+14 1.639327733618359688e+14 1.059785807314545938e+14 -9.825628250273482812e+13 -8.795973181792340625e+13 9.393388391495734375e+13 -2.834899017482711328e+13 1.076843265740494922e+13 -1.151968093099335156e+13 -4.390928864826813281e+13 1.003518018362910156e+14 -1.082199056388823594e+14 1.076903790669350469e+14 -9.969627992375378125e+13 -2.710941536433919922e+12 1.054834514173023438e+14 -8.111276146711632812e+13 3.881149774390371875e+13 -8.435847227790707812e+13 7.762062013486293750e+13 -2.925210363772727734e+13 5.461991757516910938e+13 2.361463299502513672e+12 -2.967767150458403516e+13 2.786441421606252344e+13 -1.864454701101686562e+14 2.634608819994721875e+14 -1.377022202430460469e+14 2.966225441500255469e+13 -9.680388611868439453e+12 3.475095270684725391e+13 -4.534456957144363281e+13 2.927541893256815625e+13 3.400439124620386719e+13 -1.086858320244931562e+14 8.051090430351204688e+13 2.140959520385876562e+13 -7.050299836981226562e+13 7.530221099029128125e+13 -1.218915413084466562e+14 1.657301135662209375e+14 -1.485679207669945312e+14 1.566924555175561250e+14 -1.782148068429218438e+14 1.185299755651581094e+14 -4.362893792647059375e+13 1.415193355528671094e+13 -9.868029773394671875e+12 1.868528128881635156e+13 -6.100103163254908594e+13 4.383266580366537500e+13
4.311467981304290625e+13 -1.348377306307009375e+14 1.801360687354405625e+14 -1.660081379951788125e+14 -4.848179574995067383e+12 3.241916206895305000e+14 -7.185930104698605000e+14 1.526234790442794000e+15 -2.919262568816858000e+15 3.923340750484271000e+15 -3.335724942564884500e+15 1.880871463611691000e+15 -8.939798812078591250e+14 5.150333413450853750e+14 -2.170413074041424375e+14 -6.976146478129968750e+13 1.191592767857035156e+14 -4.209657332470303125e+13 5.865884476103478906e+13 -1.077433446044210625e+14 7.565703280929514062e+13 -1.617643833323592773e+13 -1.638376966085819531e+13 3.262500634890983594e+13 -2.893696655493677734e+13 2.567657575171499219e+13 -4.642497998731840625e+13 -6.520964666051223633e+12 1.403151116256917969e+14 -1.231889519738622188e+14 2.409266426501309766e+13 -1.221176974858866719e+14 3.511655457950975625e+14 -3.771149414058106250e+14 1.467792894397402188e+14 6.086338561376102344e+13 -2.931567431385138750e+14 2.984734478482881250e+14 -1.235050613723835312e+14 3.587464584802475781e+13 8.528856304511774414e+12 7.241252064511945312e+13 -1.320528114290349219e+14 6.681124279063465625e+13 -2.185110652087668359e+13 2.200889357578640625e+13 4.097783881522350781e+13 -8.114229901330848438e+13 7.748686726545832812e+13 -5.128260577241041406e+13 1.582389092744009375e+13 8.132734759806378125e+13 -9.675292943133200000e+13 -9.123696680761494141e+12 1.024711784735019531e+14 -8.876655504266026562e+13 4.602233783406708594e+13 7.449324103323020508e+12 -5.969455189196658594e+13 -2.005386735174359766e+13 3.692636968533453125e+13 -5.954003350083810938e+13 2.882450569423688125e+14 -2.987650139863226250e+14 7.388963318310589062e+13 8.270229205757052734e+12 1.695637293810293945e+13 -5.816784864155308594e+13 7.783609797151621875e+13 -7.203306672264128125e+13 1.542723667624442383e+13 5.071162355372039062e+13 1.484995317732518945e+13 -1.234024558154081406e+14 1.273866708538211250e+14 -8.750183091869160938e+13 1.162654204764926094e+14 -1.540244435696722500e+14 1.567659079126923750e+14 -1.783102176815456562e+14 1.991786000682079688e+14 -1.207116836793118438e+14 2.324915827658699219e+13 -2.878159644901715234e+13 3.936605697440803906e+13 -1.514237526935160547e+13 2.115116592821888672e+13 1.863235451647010010e+12
-1.676819899142295312e+13 1.055092628744196094e+13 1.627573393065977148e+13 1.367972918076655273e+13 -5.431781550915478906e+13 4.724123995853818359e+12 1.844481899892697812e+14 -5.483110612559640625e+14 1.482856077417098250e+15 -3.335724942564884500e+15 4.603183338949847000e+15 -3.911039239159367000e+15 2.352054439028603500e+15 -1.313989560876922500e+15 6.829440737589811250e+14 -4.005251530469719375e+14 3.260894661715999375e+14 -1.751624720115115938e+14 -1.531514777156342188e+14 5.218853971948070000e+14 -3.923821082328091875e+14 7.826097145448614062e+13 -8.857374497757521484e+12 4.560526496503825000e+13 -8.425916005885848438e+13 1.072274765981493750e+14 -1.138989329172592031e+14 1.689207498759370312e+14 -2.033415393733535938e+14 1.022774689163912031e+14 6.307366181515589844e+13 -1.325131009910396250e+14 1.538327108855922188e+14 -1.511117258851159375e+14 2.238180218292138750e+14 -2.637279245900027500e+14 2.859855454543076250e+14 -2.174897105832458438e+14 6.934538224938938281e+13 -4.085048367947366406e+13 1.324047148280327734e+13 -1.333900526058907188e+14 2.369411694894299375e+14 -9.659434329882260938e+13 2.525670132902020312e+13 -1.372309227908533594e+13 -6.857261864123930469e+13 1.030798785163891562e+14 -9.638287283628039062e+13 2.197379423233779297e+13 5.138670569204824219e+13 -1.130597262447652344e+14 6.003865125377990625e+13 5.529483856054296875e+13 -1.134798703970427656e+14 9.228463258578326562e+13 -5.951741940129508594e+13 3.422758341442457031e+13 -2.837611718000888672e+12 5.568701402333850000e+13 -7.212220980110745312e+13 7.723900410107175000e+13 -2.617486910494792188e+14 1.706260811433159375e+14 5.991794846299648438e+13 -5.324349295425578125e+13 -2.689836405092227734e+13 8.182641520330567188e+13 -8.491077917483464062e+13 5.060790621024515625e+13 9.608897817412804688e+12 -5.058286283776961719e+13 -2.460539561659930469e+13 1.091084222214352031e+14 -8.200047737039682812e+13 5.371874092273629688e+13 -9.991194535164275000e+13 1.026844470896055625e+14 -8.329982982929826562e+13 1.214068966968303750e+14 -1.671432422233677500e+14 1.154270008371172969e+14 -5.491327906111272461e+12 4.996743651317300781e+13 -9.938717390973959375e+13 3.369103880685141016e+13 3.220705189116023047e+13 -5.865005783330700000e+13
-2.377501665267888672e+13 1.046125068583866562e+14 -1.520024872986536250e+14 9.030878792443112500e+13 9.808617331498275000e+13 -2.500686033489555625e+14 1.698146605736275312e+14 2.050933155939398828e+13 -4.766016938370393750e+14 1.880871463611691000e+15 -3.911039239159367000e+15 4.928896643284301000e+15 -4.057770694262113500e+15 2.428323121842523500e+15 -1.347294951220417750e+15 1.056242113248361500e+15 -7.949912511261993750e+14 3.385433062695019375e+14 1.936269608986055625e+14 -6.473723682788367500e+14 4.833975393109544375e+14 -1.176400322530518594e+14 3.287116232413235547e+13 -6.698924153503138281e+13 1.961034496214391406e+13 -4.344725385176696094e+13 1.739055512040390938e+14 -2.703189738292890000e+14 2.043832027287451562e+14 -5.667190353826669922e+12 -1.658561457784960625e+14 1.852104817618672500e+14 -3.513287109188225625e+14 5.572221330326865000e+14 -5.765448038071112500e+14 5.134139765041897500e+14 -5.088503707544848125e+14 4.903380971897649375e+14 -2.534379910033121250e+14 -1.272966176436191016e+13 5.786663899457285938e+13 1.352000939089189375e+14 -1.501367048949655625e+14 2.930942341574283123e+09 -3.919859869735025781e+13 5.453764152970220312e+13 1.013711370756981836e+13 -3.885741759465351562e+13 5.463470075734263281e+13 -5.887997241959367188e+12 -6.124798216558577344e+13 9.004362577691110938e+13 -2.299172858066803906e+13 -6.646522013786126562e+13 6.168836175864819531e+13 -3.993983055811224121e+12 -1.159027453013763867e+13 -1.821181710863310938e+13 2.931724647846717188e+13 -1.182733078670387656e+14 1.929765890519051562e+14 -1.875594551237769062e+14 3.085299055224386875e+14 -1.539771309933115938e+14 -8.533005849537759375e+13 5.992908284785798438e+13 3.308929116056696484e+13 -7.913729087296134375e+13 4.925536002974464844e+13 2.401690728417525391e+13 -8.469691396736856250e+13 6.243823071859239062e+13 2.259051006923408984e+13 -6.210118995074430469e+13 3.750812997282552344e+13 -6.154024571788510938e+13 1.074078297930386562e+14 -4.986488265369511719e+13 -9.352286513532781250e+12 -2.657733855284152344e+13 7.535264066210940625e+13 -5.284094168314603125e+13 -5.201803440273919531e+13 1.140072951136766406e+13 7.007137721427900000e+13 -3.219925093633146484e+13 -4.426607122851565625e+13 6.554879489586992188e+13
2.404193824234626562e+13 -6.919069796252971875e+13 6.277210480907790625e+13 -4.949241921153964844e+13 -3.589666693546166406e+13 1.815109971618735938e+14 -1.368451143932095312e+14 2.702565539372192969e+13 1.470158562413507188e+14 -8.939798812078591250e+14 2.352054439028603500e+15 -4.057770694262113500e+15 4.947705744188634000e+15 -4.078906206088393000e+15 2.544724614459730500e+15 -1.701987671739689250e+15 1.000456227670677875e+15 -3.785584435261866250e+14 1.345667414425049609e+13 2.692249230972096250e+14 -2.398368756775637812e+14 6.519804263628903125e+13 -4.357987577210801562e+13 5.717223973295384375e+13 6.418747363228585156e+13 -9.051743572521340625e+13 -1.399822441624540000e+14 2.925397699624706250e+14 -1.937281201901269062e+14 -1.576660044025841602e+13 1.988001924572160312e+14 -2.306093128963645000e+14 3.972372984935806250e+14 -6.344527807367190000e+14 6.060095262055916250e+14 -3.911952021407849375e+14 3.115418964378031250e+14 -3.159331373142886250e+14 1.301093634297185469e+14 1.216959962904415938e+14 -7.352607485569996875e+13 -9.697989377777143750e+13 -2.975176816907744531e+13 1.078252329496248438e+14 4.139139829634382031e+13 -7.210194684428714062e+13 4.257323679114281250e+13 -2.028542569410982812e+13 -8.869075776740419922e+12 -4.161008310253742188e+12 5.343976359402616406e+13 -1.127747716474306875e+14 1.034527334243533438e+14 -1.770080972349441797e+13 -2.152800900454322266e+12 1.782631214939337891e+13 -1.054668491048526406e+14 1.541951022576208750e+14 -1.324422609844823125e+14 2.165440742739505625e+14 -3.113364996725588750e+14 2.587094405838038438e+14 -2.717289177942792500e+14 1.301120149191946875e+14 4.331987622480724219e+13 -2.978774148607655859e+13 -1.656716501909048828e+13 3.833715849288737500e+13 -1.375853689661178516e+13 -4.362075620866446875e+13 6.622198239572300781e+13 -1.323413934332808594e+12 -7.824608206410265625e+13 8.316510799843128125e+13 -6.738438124290294531e+13 9.465850488101707812e+13 -9.031993853489995312e+13 -2.376723558636550781e+12 6.680990877988292969e+13 -2.988907666948468262e+12 -8.352990176565514062e+13 6.127788876311754688e+13 8.800527602487796875e+13 -1.349247315734028281e+14 6.055233999871523438e+13 5.331316943157713867e+12 1.035456039235726562e+13 -3.860512573386235156e+13
3.220577615025620703e+13 -9.198590119388001562e+13 1.564862344619479375e+14 -9.122910727268153125e+13 -4.189279929854567969e+13 6.836911884813465625e+13 -1.408823164032430312e+14 1.357977560962594688e+14 -1.234502784451137031e+14 5.150333413450853750e+14 -1.313989560876922500e+15 2.428323121842523500e+15 -4.078906206088393000e+15 5.275871843185943000e+15 -4.657674591555318000e+15 2.967932529701815500e+15 -1.408703947636096750e+15 5.471040339060235625e+14 -2.147110978234555000e+14 1.493662492830147266e+13 -1.483431444008857812e+13 4.260603733408845312e+13 1.863538835355484766e+13 -1.121059306276611328e+13 -1.245298100205322500e+14 2.584023437956588125e+14 -6.925456169372838281e+13 -1.158441650705596250e+14 1.320128945612034688e+14 -9.388048139465098438e+13 -9.474993030030709375e+13 3.277698584145325625e+14 -5.166369620396616250e+14 5.878664371753908750e+14 -5.677986566708551250e+14 3.978054022755253125e+14 -1.892920949837105312e+14 5.984511933330253125e+13 7.247860961338459375e+13 -1.214636631778093750e+14 -3.303826808466235547e+13 1.979375384860848125e+14 -6.295494664210576562e+13 -6.111954092571307812e+13 -2.950031840671797266e+13 6.160296136996607812e+13 -4.370083018868814062e+13 -7.786433813063724609e+12 3.184319344823084766e+13 5.938718692240874023e+12 -1.909288258445327734e+13 3.291254000842272656e+13 -7.234215604724765625e+13 1.272295935125975391e+13 5.029436631817390625e+13 -1.032441563907644375e+14 2.325068671855861875e+14 -3.674007207108375625e+14 3.582611002951972500e+14 -3.431756876924628750e+14 3.805249550024638125e+14 -2.639311052658246250e+14 1.376387518621174688e+14 -5.866646019150745117e+12 -4.653135058283410156e+13 -1.331587723940946350e+11 -2.084550267813476807e+12 -2.482384281290190918e+12 5.137839024154540039e+12 1.575904901261993408e+12 1.977522845509242432e+12 -3.805094619448396094e+13 1.041512329037566406e+14 -1.075359853918202344e+14 9.426007521561923438e+13 -1.021163287514379688e+14 8.828096599081148438e+13 -3.072369803146210547e+13 -4.608468275047886719e+13 4.813416100764552734e+12 1.536490056572278125e+14 -2.235081760311594062e+14 7.486823280565289062e+13 1.128247973814322969e+14 -1.646470800371861875e+14 1.135001594791673906e+14 -6.409000565076345312e+13 4.212605876375428906e+13
-1.088851815532599414e+13 7.408038540342745312e+13 -1.952932838434951875e+14 1.027282330544017969e+14 1.241895446937291875e+14 -1.853961831233399375e+14 2.615045504389789688e+14 -2.192329453991766250e+14 1.058048547939754375e+14 -2.170413074041424375e+14 6.829440737589811250e+14 -1.347294951220417750e+15 2.544724614459730500e+15 -4.657674591555318000e+15 5.910012448825930000e+15 -4.846753763023585000e+15 2.719181790753837500e+15 -1.214329028230552750e+15 3.668479616304043750e+14 5.166520616658372656e+13 4.476941291792478906e+13 -9.306874658961540625e+13 -5.476623688251569336e+12 2.040232691505844531e+13 1.022272165092745781e+14 -3.170863481475268750e+14 2.127598250697110938e+14 3.769183842942465973e+10 -1.846426657062032500e+14 2.810638185890650312e+14 -6.801464750171855469e+13 -3.056751018213977500e+14 5.947922607728151250e+14 -6.748291591852481250e+14 7.048606902145466250e+14 -6.391076815918738750e+14 4.345052251212346250e+14 -1.836807464365417812e+14 -1.388702024959377344e+13 6.802605701427653125e+13 5.528203126250332031e+13 -2.928866720238408125e+14 2.225144371732065000e+14 -5.091716853807348633e+12 3.285832374171476562e+12 -1.536046305393273047e+13 5.414046025898658203e+12 6.906317631296568750e+13 -1.103400467118522188e+14 6.681600481122803906e+13 -9.505087872927093750e+13 1.286325492642377812e+14 -7.287597389123318750e+13 9.583950925545665625e+13 -1.033780153600670156e+14 5.679977296599333594e+13 -1.372131535472483594e+14 3.369391297033747500e+14 -3.875530711498116250e+14 3.089164567096631250e+14 -2.925433562842652500e+14 2.156670974065719062e+14 -7.754240452505954688e+13 -4.188998046220532031e+13 2.469579112628816797e+13 2.482651486531821484e+13 5.503412538304161133e+12 -2.647688213047299609e+13 2.968208375056866797e+13 -4.750364705302677734e+12 1.164557924080769531e+12 8.626220013621756836e+12 -8.152991825034429688e+13 1.010795670415292812e+14 -8.062155645536717188e+13 7.157613101720050000e+13 -7.215196747365610938e+13 5.919864996811746094e+13 4.171448297631333594e+13 -5.742505241008738281e+13 -1.124133840514405312e+14 2.556709985812152812e+14 -1.750104621041253125e+14 -3.347879280326500391e+13 1.407144031718474688e+14 -1.351969076059932344e+14 7.599796271742131250e+13 -3.091781051775642578e+13
-5.978633773613044531e+13 7.683266772977151562e+13 3.419999072864355469e+13 7.380479503772410938e+13 -1.858628127650444688e+14 3.041190770539335449e+12 3.626527856622271973e+12 2.111705130768537891e+13 9.310993192822632812e+13 -6.976146478129968750e+13 -4.005251530469719375e+14 1.056242113248361500e+15 -1.701987671739689250e+15 2.967932529701815500e+15 -4.846753763023585000e+15 6.038083209351724000e+15 -5.188297097042600000e+15 3.148829881900347500e+15 -1.304201015222359250e+15 1.986095350320862812e+14 -4.156272475429499219e+13 7.089297858567417188e+13 2.013701661549557812e+13 -4.136575159493650781e+13 -9.322841100353884375e+13 2.614960224903345938e+14 -1.237817450771145938e+14 -3.235412505063673438e+13 1.032418537333158125e+14 -1.260990652039944062e+14 7.622011880645881836e+12 2.718723959015369688e+14 -6.354108818299155000e+14 7.969859623025482500e+14 -7.995692110376558750e+14 7.336347324314460000e+14 -6.495402619597280000e+14 5.059642779964863750e+14 -3.174968203363975625e+14 1.697240980352483438e+14 -1.900691634349134375e+14 3.575177844068538125e+14 -2.213161448395035000e+14 -1.599207842679411914e+13 3.007890331024006641e+13 -5.564134124613199219e+13 8.478716545229826562e+13 -2.077097171765910312e+14 3.157988296005036875e+14 -2.806544528274756562e+14 2.445467180230879375e+14 -1.851335742420355312e+14 8.335449222443728125e+13 -6.459383911116115625e+13 4.337992745226380469e+13 -4.253466491654419531e+13 1.333426978193639844e+14 -2.856067473096261250e+14 3.230185014621097500e+14 -1.844980559438558750e+14 1.312598216301955781e+14 -1.745548203093788125e+14 1.637345883117213125e+14 -5.974097281205896875e+13 3.545407053487143750e+13 -2.988279338151963672e+13 -6.336222111737818359e+12 3.625595521138452344e+13 -5.101491483843159375e+13 4.537753119488694531e+13 -4.244887778531332812e+13 1.120591577575287305e+13 6.079019801457148438e+13 -6.890707953217512500e+13 1.626665631255658594e+13 8.066896883039000000e+12 -7.427691982921191406e+12 7.324635317315155273e+12 -4.493519897801699219e+13 1.341546325820305078e+13 1.116753673373191875e+14 -1.907426164003099688e+14 8.320319502848603125e+13 6.937441563787920312e+13 -5.524666774843721094e+13 -2.966954027633882812e+13 7.265757308418235938e+13 -3.569507207239559375e+13
4.933825152831532812e+13 -1.064006756251147188e+14 1.081304449551163906e+14 -2.048784671261986562e+14 1.648692769347487812e+14 1.268781401434349531e+14 -2.080186402793288438e+14 1.769121430332277500e+14 -2.016547413433378750e+14 1.191592767857035156e+14 3.260894661715999375e+14 -7.949912511261993750e+14 1.000456227670677875e+15 -1.408703947636096750e+15 2.719181790753837500e+15 -5.188297097042600000e+15 6.955521514785934000e+15 -6.076855390139540000e+15 3.431005426079768000e+15 -1.213227335881100250e+15 2.802799000063353125e+14 -4.438292622892514062e+13 -3.294634015582992188e+13 -5.949602159177701172e+12 1.809072800377825625e+14 -2.286796179952626250e+14 4.860055038559089844e+13 -5.691435535502385938e+13 2.438042175616802188e+14 -3.240026765213029375e+14 2.114865894266713125e+14 -2.536444466425177500e+14 5.426895559448864375e+14 -5.638120171417053750e+14 4.173885404807475625e+14 -5.787427338418278750e+14 8.041077505803743750e+14 -8.472765321409470000e+14 8.171790799749237500e+14 -6.542080115832665000e+14 5.007804741813814375e+14 -3.906783565563331250e+14 1.022715757658107188e+14 6.565488783855338281e+13 -1.641006886194108789e+13 3.771603210545807812e+13 -9.658817830901139062e+13 2.397907739321149688e+14 -3.578113825418959375e+14 3.730579174440068125e+14 -2.975103168561926250e+14 1.480308131565250625e+14 -6.830337612212886963e+11 -4.461978008979696094e+13 2.897927437285247266e+13 1.212954335624540625e+14 -2.318539695492120312e+14 2.761630991991202500e+14 -2.706478356177104688e+14 1.319390483865252969e+14 -4.597092127215941406e+13 1.026585546913050000e+14 -1.443358628961925312e+14 -4.486255961567625000e+12 1.786493475985747812e+14 -1.279626899719839375e+14 -5.349764721562157227e+12 -6.694541906620982666e+11 1.074633779592352539e+13 -5.441529122878869531e+13 5.897809797391825781e+13 -9.265527631664347656e+12 -2.451545697443018359e+13 -1.402214882657780664e+13 6.873919160194942969e+13 -7.029572020068886719e+13 5.872383146513394531e+13 -5.253077022538275000e+13 -1.180790419389451953e+13 1.138528956978685156e+14 -2.078781882416810312e+14 2.250660313484229375e+14 -5.512069278980786719e+13 -6.387574106430128125e+13 -1.164109299336326758e+13 1.002257408410540625e+14 -1.381602833838720625e+14 7.894858074488148438e+13
